45.265066879817645, 19.83003929257393 
45.26514557799502, 19.829981960356236 
45.26517896864301, 19.829892441630363 
45.26520044247692, 19.829767048358917 
45.26519171135864, 19.82964165508747 
45.26513012154, 19.829516261816025 
45.26503289916162, 19.829441159963608 
45.26491774234267, 19.829435795545578 
45.26435516960682, 19.829800575971603 
45.26422490868182, 19.82990249991417 
45.264128628675586, 19.830079525709152 
45.26408143253448, 19.830382615327835 
45.26450242072733, 19.83138844370842 
45.2658465415048, 19.83466610312462 
45.26597679870883, 19.834931641817093 
45.266016442146366, 19.83497992157936 
45.266063636678794, 19.83499601483345 
45.266131596736535, 19.835009425878525 
45.26619766893689, 19.835009425878525 
45.26625430219028, 19.8349691927433 
45.2664808346388, 19.83462855219841 
45.26728501753003, 19.83346179127693 
45.26786455071903, 19.83266517519951 
45.26804388389473, 19.83248010277748 
45.268181686897385, 19.8323392868042 
45.268252475981015, 19.832287654280663 
45.26831571415443, 19.832241386175156 
45.268436527185294, 19.83216091990471 
45.26861585855389, 19.832064360380173 
45.26901982398223, 19.83191415667534 
45.26919065896423, 19.831994622945786 
45.269284098875, 19.832152873277664 
45.269437000215355, 19.83378365635872 
45.269618216085355, 19.83564242720604 
45.26975223995038, 19.83713909983635 
45.26998442139003, 19.8395074903965 
45.27012410732702, 19.841181188821793 
45.27031098392135, 19.843101650476456 
45.2703742198013, 19.843760132789612 
45.27046765776364, 19.84440252184868 
45.27057525280241, 19.844909459352493 
45.270566758464696, 19.84502747654915 
45.270580915693564, 19.84522059559822 
45.270605454881924, 19.845547825098038 
45.27056770228005, 19.845818728208542 
45.27049502845073, 19.846101701259613 
45.27040725344193, 19.846352487802505 
45.27004105086538, 19.847283214330673 
45.26962765439608, 19.848291724920273 
45.2688744722667, 19.85012099146843 
45.2684950459047, 19.851183146238327 
45.26817224834624, 19.852113872766495 
45.26779281729012, 19.853200167417526 
45.2672642523874, 19.85472097992897 
45.266824407127125, 19.85599771142006 
45.26668282530966, 19.856416136026382 
45.2655577092471, 19.85961601138115 
45.26536515359219, 19.860122948884964 
45.265300732252996, 19.860372729599476 
45.26545152054763, 19.860622510313988 
45.26551735756472, 19.860553108155727 
45.26555298975358, 19.86045151948929
-
19.8589099487|45.2658468595|BAJCI ZILINSKOG - DANUBIUS|Novi Sad|Bajci Zilinskog|1|7
19.84741502|45.2699333114|BAJCI ZILINSKOG - METALURGIJA|Novi Sad|Bajci Zilinskog|8|4
19.85219461|45.2680922537|BAJCI ZILINSKOG - BALKAN|Novi Sad|Bajci Zilinskog|9|5
19.8563748626|45.2666746173|BAJCI ZILINSKOG - LUKA NOVI SAD|Novi Sad|Bajci Zilinskog|18|6
19.834665763|45.2665045391|KISACKA - PODVOZNJAK|Novi Sad|Kisacka|65|2
19.8300468015|45.2652079855|ZELEZNICKA STANICA TERMINAL|Novi Sad|Zeleznicka Stanica|0|1
19.842795|45.270255|PUT SAJKASKOG ODREDA - TEMERINSKA|Novi Sad|Temerinska|10|3