45.265574699420576, 19.860380440950394 
45.265522313036, 19.86051321029663 
45.26547346622847, 19.86056350171566 
45.265417068171324, 19.860549420118332 
45.265359018229745, 19.860462248325348 
45.265348163356045, 19.860273152589798 
45.265395358444, 19.860122948884964 
45.26545199249782, 19.859975427389145 
45.265829551412665, 19.858897179365158 
45.266373231838486, 19.857338815927505 
45.26673190704637, 19.856319576501846 
45.26756817780785, 19.853878766298294 
45.268311938743054, 19.851940870285034 
45.26881029087128, 19.850429445505142 
45.27011466909886, 19.847103506326675 
45.27271967848124, 19.848882984369993 
45.272882067322044, 19.848925145342946 
45.27304445569818, 19.848838560283184 
45.27321079565255, 19.84866388142109 
45.27340002150431, 19.848132133483887 
45.273517284589566, 19.84759535640478 
45.27347109900695, 19.847434340044856 
45.27336451221238, 19.84731623902917 
45.27191064716741, 19.8463157331571 
45.27149870950898, 19.84598041512072 
45.27102214755688, 19.84548144042492 
45.270625746895035, 19.84468549489975 
45.27046577012955, 19.84357640147209 
45.27026190527942, 19.84162911772728 
45.26973147571031, 19.83598306775093 
45.26951250689817, 19.833738058805466 
45.26938603314766, 19.83238086104393 
45.26935394274826, 19.831831008195877 
45.2692689974857, 19.83166739344597 
45.26895941811968, 19.831763952970505 
45.2683893346257, 19.83206570148468 
45.26814110111628, 19.832269549369812 
45.267885315642104, 19.832521677017212 
45.26663374353056, 19.8342664539814 
45.266416178594646, 19.834562838077545 
45.266240143882236, 19.834757298231125 
45.26610705561399, 19.83478680253029 
45.2659956765397, 19.834730476140976 
45.26583143920095, 19.834389835596085 
45.264373104058585, 19.830856025218964 
45.26417960046393, 19.83034774661064 
45.264389150668535, 19.830339699983597 
45.26472329669194, 19.830224364995956 
45.26506499200397, 19.83004465699196
-
19.8317437287|45.2687779267|SENTANDREJSKI PUT - PARTIZANSKA|Novi Sad|Sentandrejski put|12
19.8589099487|45.2658468595|BAJCI ZILINSKOG - DANUBIUS|Novi Sad|Bajci Zilinskog|19
19.8564206921|45.2667245338|BAJCI ZILINSKOG - LUKA NOVI SAD|Novi Sad|Bajci Zilinskog|8
19.853083049|45.2678999388|BAJCI ZILINSKOG - BALKAN|Novi Sad|Bajci Zilinskog|1
19.830132455|45.2650202834|ZELEZNICKA STANICA - DOLASCI|Novi Sad|Zeleznicka Stanica|0
19.841061|45.270261|PARTIZANSKA - TEMERINSKA|Novi Sad|Partizanska|4