45.26518769976326, 19.829635620117188 
45.265084814044585, 19.829453229904175 
45.26491963016126, 19.829421043395996 
45.26474736645669, 19.829531013965607 
45.264354225688116, 19.829783141613007 
45.26402550505645, 19.830182790756226 
45.26411789155696, 19.83051672577858 
45.26538550647265, 19.833595231175423 
45.265845627107645, 19.83471605926752 
45.26589552810051, 19.834850085899234 
45.265919000061146, 19.835000205785036 
45.26591468986364, 19.83511013444513 
45.265872623941064, 19.835220063105226 
45.26552972227602, 19.83580409316346 
45.26535294554761, 19.83605552930385 
45.2631042589577, 19.839111214969307 
45.26198554600943, 19.840609553502873
45.26144506061282, 19.84136140497867 
45.26118614364241, 19.841734648507554 
45.260767828086635, 19.842394680163125 
45.26046049496232, 19.84281857330643 
45.26036157893638, 19.842936642562563 
45.26036280949759, 19.84300438135506 
45.26039047163326, 19.843061391311494 
45.26099207320139, 19.84315461108963 
45.26152225573944, 19.84334203695198 
45.26201295146822, 19.843458548659783 
45.262815227592064, 19.84361872845625 
45.26400359990132, 19.84379537787902 
45.2645940010689, 19.843872973754287 
45.26489108716967, 19.84390908948285 
45.26519755947239, 19.843932200012432 
45.26540586448136, 19.843896301943573 
45.265638710061594, 19.843849675038655 
45.26718511599134, 19.84322957008044 
45.267756236234135, 19.843008159167766 
45.26834245237043, 19.842813570345243 
45.26861153044766, 19.842769185227553 
45.2695492759749, 19.84244658525904 
45.269719893603366, 19.842379162590305 
45.26983914295594, 19.842342906838212 
45.26995839205799, 19.842328108758238 
45.270034225011436, 19.842340132768413 
45.27010628257157, 19.842368250032564 
45.270160407422466, 19.842432577118416 
45.27019943108002, 19.8425183618765 
45.27024411763549, 19.842636333142764 
45.27027370303382, 19.842770397663116 
45.27033292772355, 19.843556955456734 
45.27036820295762, 19.843891225755215 
45.270414302582466, 19.84423295594752 
45.27049060431047, 19.84461760148406 
45.27058200697986, 19.844980789348483 
45.27078343741555, 19.84560628887266 
45.27094752401663, 19.846008085878566 
45.27114936238339, 19.846409882884473 
45.271432366974885, 19.846830455353484 
45.271588969517495, 19.847043423797004 
45.27198344176649, 19.847455679846462 
45.272193889900805, 19.8476457146171 
45.272673795706275, 19.84799956517236 
45.27406419879403, 19.848939578914724 
45.27471031276845, 19.849414950203936 
45.27505979174165, 19.849641907012483 
45.2754359446109, 19.849818004515782 
45.275864943738426, 19.849940457838784 
45.276444934643436, 19.850073639997845 
45.28465590020294, 19.851720052187147 
45.290915879625686, 19.853001916023345 
45.29250152245157, 19.85335993290846 
45.293260363484954, 19.85353894135119 
45.29363978019405, 19.853644538826643 
45.294019194364736, 19.853782322810275 
45.29470254202611, 19.854023022060233 
45.29538588145323, 19.854306636654428 
45.29608430690334, 19.854622437756802 
45.29705992067697, 19.85519339849634 
45.29764836709567, 19.85555712937139 
45.298236807407775, 19.85599596209886 
45.29876486747866, 19.85636505739194 
45.29929292263177, 19.856830712209558 
45.2998417260966, 19.857323189117324 
45.30039052424945, 19.857858581369328 
45.30093931709042, 19.85841006687542 
45.3017287540443, 19.859340268628102 
45.30260077137123, 19.86047592175828 
45.30307251506571, 19.86117289522906 
45.30354425483479, 19.8619342417162 
45.30410277043901, 19.8629048005065 
45.30449613356696, 19.86366376543947 
45.30488949396543, 19.864476374552623 
45.305290397537235, 19.865390907608457 
45.30589053592437, 19.866894931258912 
45.30619814851733, 19.86767912959249 
45.306475576471016, 19.86845259908978 
45.306928561659845, 19.87011219086321 
45.30722573277817, 19.87146720306623 
45.30747762868992, 19.872854401777545 
45.30766915882947, 19.874263058160977 
45.30781136092538, 19.875494986813692 
45.307908289359844, 19.876726915466406 
45.30815612824543, 19.880230675154735 
45.30843661627985, 19.884557475653196 
45.308729655232625, 19.88951037327797 
45.30923269434829, 19.897037421665345 
45.309469121541966, 19.900511267285424 
45.30982689849894, 19.904211567094308 
45.30994463720251, 19.905120548792524 
45.30999973382506, 19.905419471518712 
45.3100020134931, 19.90570766540884 
45.31001060026425, 19.906498881173547 
45.309928643688316, 19.90726863926602 
45.30975279313142, 19.908035733096995 
45.30950903400338, 19.908802826927854 
45.3081957070921, 19.911128284196593 
45.307584490637424, 19.91225866653656 
45.30715436358081, 19.913474879565 
45.306339374269974, 19.91689435853948 
45.30491315438554, 19.922856571660077 
45.30668736209807, 19.924110126908317 
45.30844642331897, 19.925449512845262 
45.31201342456377, 19.928171200063275 
45.30910379983853, 19.93525319550099 
45.306005380881, 19.94283408181559 
45.3048388326123, 19.945452158723697 
45.30365716810067, 19.947962947271208 
45.30213966863902, 19.95125694085118 
45.30059571571975, 19.954384637472117 
45.298294446592244, 19.952384191366036 
45.297140003509675, 19.951378603895137 
45.295713839205234, 19.950220130510388
-
19.8431916148|45.2610079188|TEMERINSKA - TRG MARIJE TRANDAFIL|Novi Sad|Temerinska|6|3
19.8438347072|45.264154136|TEMERINSKA - GUNDULICEVA|Novi Sad|Temerinska|8|4
19.8354809218|45.2656954001|KISACKA - BUL. JASE TOMICA|Novi Sad|Sentandrejski put|14|2
19.8295668921|45.265233079|ZELEZNICKA STANICA TERMINAL|Novi Sad|Railway Station|0|1
19.8511471548|45.2815088733|NAFTAGAS|Novi Sad|Naftagas|48|6
19.8565358761|45.2988852306|INDUSTRIJSKA ZONA VELIKI RIT|Novi Sad|Veliki put|17|7
19.897767251|45.3092578375|PUT NS - ZR - UNIMET|Novi Sad|Put NS|14|8
19.9224259118|45.304999379|KAC - EKONOMIJA|Novi Sad|Kralja Petra I|18|9
19.9265458576|45.3099761281|KAC - SIME SOLAJE 48|Novi Sad|Sime Solaje|48|10
19.9299300878|45.3112977889|KAC - MOSE PIJADE 85|Novi Sad|Mose Pijade|85|11
19.9360064729|45.3087821922|KAC - MOSE PIJADE 41|Novi Sad|Mose Pijade|41|12
19.9444031517|45.3053239637|KAC - ZARKA JOVICA 2|Novi Sad|Zarka Jovica|2|13
19.9518669196|45.3018358605|KAC - ZARKA JOVICA 48|Novi Sad|Zarka Jovica|48|14
19.9540432593|45.3002233269|KAC - IVE LOLE RIBARA 39|Novi Sad|Ive Lole Ribara|39|15
19.950544978|45.2959976022|KAC - OKRETNICA|Novi Sad|Okretnica|13|16
19.842795|45.270255|PUT SAJKASKOG ODREDA - TEMERINSKA|Novi Sad|Temerinska|45|5