45.26498698394238, 19.830102125390567 
45.26472739911096, 19.83023355052137 
45.264556541201515, 19.83031133147199 
45.26445742051235, 19.830336809346818 
45.264322907438455, 19.830348207179668 
45.26419028188868, 19.830367651639563 
45.26605162640545, 19.83490593684928 
45.266070090072716, 19.835069886486508 
45.26604891034679, 19.835241882750665 
45.26578945547886, 19.835610015160228 
45.26538381048566, 19.836086105704908 
45.26465557626691, 19.83707583772059 
45.263214182807666, 19.839039208497752 
45.26231695350132, 19.84022809453279 
45.26144991696624, 19.841435756030933 
45.261189261114964, 19.84179735055602 
45.260962587179755, 19.84216967391717 
45.26064139400574, 19.84279093902478 
45.260639265302196, 19.842897220001532 
45.26069377539918, 19.842990089933323 
45.26160374539338, 19.84329987885303 
45.26200586331332, 19.84342124570003 
45.26267983563356, 19.843542612547026
45.265126454311016, 19.843888605066468 
45.26541669986727, 19.84384535289064 
45.265744699774466, 19.843748456534513 
45.26639314282563, 19.843533206150255 
45.26766735398471, 19.84299541702103 
45.26833087671592, 19.842766755591583 
45.26899439169088, 19.842484449981953 
45.27031762309409, 19.841973482942876 
45.27042142415902, 19.843089275671332 
45.27050634870978, 19.843818830301757 
45.27061392468815, 19.84452156284192 
45.270686588871655, 19.844862200275998 
45.27078945494377, 19.845202837710076 
45.27098197321156, 19.845739273291315 
45.27122734389692, 19.846232793528316 
45.27152934151183, 19.846720949347286 
45.27188418997863, 19.8471447321499 
45.27257999270155, 19.84773179909257 
45.27332863800745, 19.848254493018885 
45.27486364876163, 19.849299880871627 
45.275349193438856, 19.84957815694611 
45.27587248305997, 19.84975987349594 
45.27733570363809, 19.85008508822807 
45.278829084189084, 19.850383480870164 
45.28180817835292, 19.850990994990298 
45.2834627971755, 19.851321574140457 
45.28515511066415, 19.851673610962848 
45.288501845520194, 19.8523562269354 
45.29185970445712, 19.85302811407189 
45.293527238177525, 19.853439159492495 
45.29435343929386, 19.853703690801012 
45.29519472286755, 19.854043323962287 
45.2963714737119, 19.854601024342287 
45.29754065320377, 19.85530892842712 
45.29820356490585, 19.855761823560442 
45.298881562370525, 19.856279091710007 
45.29955672172873, 19.856821840845214 
45.30020168673708, 19.85745578508704 
45.30150668755779, 19.858830961931062 
45.30267905671475, 19.860368957144487 
45.30384008248687, 19.862148351169253 
45.30442947658611, 19.863208913178028 
45.3049886807958, 19.86433384820316 
45.30577048215817, 19.866134699900044 
45.30600143145855, 19.867066515876104 
45.30661584533589, 19.86881967394538 
45.30688532133999, 19.869824999012735 
45.307135931924655, 19.870878603842357 
45.30737248740863, 19.872003118375687 
45.30756754112528, 19.873272472195822 
45.30774561662856, 19.874574012524135 
45.307885963801134, 19.875950654704866 
45.30809120185959, 19.878736125574505 
45.30848281205704, 19.884746949592227 
45.30884423784014, 19.890768502446008 
45.309242632246345, 19.896771273452032 
45.309458805433486, 19.899778023373074 
45.309561232717826, 19.901227754153297 
45.3097089317197, 19.902752586785937 
45.30979230452378, 19.9033775287171 
45.30983399087986, 19.903673906428594 
45.309920948938455, 19.903970284140087 
45.31010278432552, 19.90456570900278 
45.310252177454174, 19.90483123492595 
45.31043175106858, 19.904978743652464 
45.3108814385588, 19.905230845761253 
45.31100819421624, 19.905316663680424 
45.31113494959023, 19.905456125779892 
45.31120134378951, 19.90562777438754 
45.311237557476694, 19.905810151831247 
45.31123359058312, 19.90598715208762 
45.31120698834975, 19.90616415234399 
45.311025516630814, 19.906561068200972 
45.31060975511517, 19.907311984570697 
45.3093066394188, 19.909393174457364 
45.30804122145528, 19.91151727968827 
45.30775104916394, 19.912024012883194 
45.307491057832415, 19.912562932586297 
45.307152167587944, 19.913683687336743 
45.306654815405196, 19.915772719541565 
45.30607445514257, 19.91824798984453 
45.304974084379126, 19.92280156351626 
45.30664701914244, 19.924010653048754 
45.30838557391774, 19.925313033163548 
45.31022216364973, 19.926701243966818 
45.31205869387159, 19.928175285458565 
45.305627158521766, 19.943877607584 
45.304851816367346, 19.94550973176956
45.30350295985444, 19.94845077395439 
45.30210879331122, 19.95139181613922 
45.30059950806886, 19.95444416999817 
45.29585254410061, 19.95039939880371
-
19.8423966225|45.2608711975|KISACKA - TEMERINSKA|Novi Sad|Kisacka|3|13
19.8364405487|45.2652106325|KISACKA - JOVANA CVIJICA|Novi Sad|Kisacka|8|14
19.830132455|45.2650202834|ZELEZNICKA STANICA - DOLASCI|Novi Sad|Železnička stanica|0|15
19.8421271396|45.2696690854|TEMERINSKA - PARTIZANSKA|Novi Sad|Temerinska|87|12
19.8969594834|45.3093188521|PUT NS - ZR - AUTOSALON KIA|Novi Sad|Put NS|12|9
19.8557151201|45.2983090783|INDUSTRIJSKA ZONA VELIKI RIT|Novi Sad|Put NS|18|10
19.8506658724|45.2807541595|NAFTAGAS|Novi Sad|Naftagas|45|11
19.950544978|45.2959976022|KAC - OKRETNICA|Novi Sad|Okretnica|19|1
19.9535707453|45.3010233903|KAC - ZARKA JOVICA 51|Novi Sad|Zarka Jovica|51|2
19.9506250486|45.3024765887|KAC - ZARKA JOVICA 31|Novi Sad|Zarka Jovica|31|3
19.9431578742|45.3059252362|KAC - MOSE PIJADE 4|Novi Sad|Mose Pijade|4|4
19.9344719012|45.3094886413|KAC - MOSE PIJADE 72|Novi Sad|Mose Pijade|72|5
19.9303352779|45.3111742702|KAC - MOSE PIJADE 104|Novi Sad|Mose Pijade|104|6
19.9269933654|45.3106187151|KAC - SIME SOLAJE 65|Novi Sad|Sime Solaje|65|7
19.9229169589|45.3052508207|KAC - SIME SOLAJE 1|Novi Sad|Sime Solaje|1|8